0.0
0.0
0.0
0.0
0.2
0.166666666667
0.142857142857
0.125
0.111111111111
0.1
0.0909090909091
0.0833333333333
0.0769230769231
0.0714285714286
0.0666666666667
0.0625
0.0588235294118
0.111111111111
0.105263157895
0.1
0.0952380952381
0.0909090909091
0.0869565217391
0.0833333333333
0.08
0.0769230769231
0.0740740740741
0.0714285714286
0.0689655172414
0.0666666666667
0.0645161290323
0.0625
0.0909090909091
0.0882352941176
0.0857142857143
0.0833333333333
0.108108108108
0.105263157895
0.102564102564
0.1
0.0975609756098
0.0952380952381
0.093023255814
0.0909090909091
0.0888888888889
0.0869565217391
0.0851063829787
0.0833333333333
0.0816326530612
0.08
0.078431372549
0.0769230769231
0.0754716981132
0.0740740740741
0.0727272727273
0.0714285714286
0.0701754385965
0.0689655172414
0.0677966101695
0.0666666666667
0.0655737704918
0.0645161290323
0.0634920634921
0.0625
0.0615384615385
0.0606060606061
0.0597014925373
0.0588235294118
0.0579710144928
0.0571428571429
0.056338028169
0.0555555555556
0.0547945205479
0.0540540540541
0.0533333333333
0.0526315789474
0.0519480519481
0.0512820512821
0.0506329113924
0.0625
0.0617283950617
0.0609756097561
0.0602409638554
0.0595238095238
0.0705882352941
0.0697674418605
0.0804597701149
0.0795454545455
0.0786516853933
0.0888888888889
0.0989010989011
0.108695652174
0.118279569892
0.127659574468
0.126315789474
0.125
0.123711340206
0.132653061224
0.141414141414
0.14
0.14
0.15
0.15
0.15
0.14
0.15
0.15
0.15
0.15
0.16
0.17
0.18
0.19
0.19
0.2
0.21
0.22
0.21
0.21
0.21
0.22
0.22
0.23
0.24
0.25
0.25
0.25
0.26
0.27
0.28
0.28
0.28
0.27
0.27
0.27
0.28
0.28
0.29
0.3
0.3
0.31
0.32
0.32
0.33
0.34
0.35
0.36
0.37
0.38
0.39
0.4
0.41
0.41
0.41
0.42
0.43
0.44
0.45
0.46
0.46
0.46
0.47
0.48
0.49
0.5
0.5
0.5
0.5
0.5
0.51
0.52
0.53
0.54
0.54
0.55
0.56
0.57
0.58
0.59
0.59
0.6
0.61
0.62
0.63
0.63
0.64
0.64
0.64
0.64
0.64
0.64
0.64
0.64
0.64
0.65
0.65
0.66
0.66
0.66
0.67
0.68
0.68
0.69
0.7
0.71
0.71
0.72
0.73
0.74
0.74
0.74
0.74
0.74
0.75
0.75
0.75
0.75
0.76
0.77
0.78
0.78
0.79
0.79
0.79
0.79
0.8
0.81
0.81
0.81
0.81
0.82
0.83
0.84
0.85
0.85
0.84
0.84
0.84
0.84
0.85
0.85
0.85
0.86
0.86
0.86
0.86
0.86
0.86
0.86
0.86
0.86
0.86
0.87
0.88
0.88
0.88
0.88
0.88
0.88
0.89
0.9
0.9
0.9
0.89
0.88
0.89
0.9
0.91
0.92
0.92
0.92
0.92
0.92
0.93
0.93
0.93
0.93
0.93
0.93
0.93
0.93
0.93
0.93
0.93
0.93
0.93
0.93
0.94
0.95
0.95
0.95
0.95
0.95
0.95
0.95
0.96
0.96
0.96
0.96
0.96
0.96
0.96
0.96
0.95
0.95
0.95
0.95
0.95
0.95
0.95
0.95
0.95
0.95
0.95
0.95
0.95
0.95
0.94
0.94
0.94
0.94
0.94
0.93
0.93
0.93
0.93
0.93
0.93
0.93
0.93
0.93
0.93
0.93
0.93
0.94
0.95
0.95
0.95
0.95
0.95
0.94
0.94
0.94
0.93
0.92
0.92
0.92
0.92
0.92
0.92
0.92
0.92
0.92
0.92
0.92
0.92
0.92
0.92
0.92
0.92
0.92
0.92
0.92
0.93
0.94
0.94
0.94
0.94
0.94
0.94
0.94
0.94
0.94
0.94
0.94
0.94
0.94
0.94
0.94
0.94
0.93
0.92
0.91
0.91
0.91
0.91
0.91
0.91
0.91
0.91
0.91
0.91
0.91
0.9
0.9
0.9
0.9
0.9
0.9
0.9
0.9
0.9
0.9
0.91
0.91
0.91
0.91
0.91
0.91
0.91
0.91
0.91
0.91
0.91
0.9
0.89
0.89
0.9
0.9
0.9
0.9
0.9
0.91
0.91
0.9
0.9
0.9
0.9
0.9
0.9
0.89
0.88
0.87
0.86
0.85
0.85
0.85
0.85
0.85
0.85
0.86
0.86
0.86
0.87
0.88
0.88
0.88
0.88
0.88
0.88
0.88
0.88
0.88
0.88
0.88
0.88
0.88
0.88
0.88
0.88
0.88
0.88
0.88
0.88
0.88
0.88
0.88
0.88
0.88
0.88
0.88
0.88
0.88
0.88
0.88
0.88
0.88
0.88
0.88
0.88
0.89
0.9
0.91
0.91
0.91
0.91
0.91
0.91
0.91
0.91
0.91
0.9
0.89
0.9
0.9
0.9
0.9
0.9
0.9
0.9
0.9
0.9
0.9
0.9
0.89
0.88
0.88
0.88
0.88
0.88
0.88
0.88
0.88
0.88
0.89
0.9
0.9
0.89
0.89
0.89
0.89
0.89
0.88
0.88
0.89
0.89
0.89
0.89
0.89
0.89
0.9
0.91
0.92
0.93
0.94
0.94
0.94
0.94
0.94
0.94
0.94
0.94
0.93
0.92
0.92
0.92
0.92
0.92
0.92
0.92
0.92
0.92
0.91
0.91
0.91
0.91
0.91
0.91
0.91
0.91
0.91
0.91
0.91
0.91
0.91
0.91
0.91
0.91
0.9
0.89
0.89
0.89
0.88
0.88
0.88
0.88
0.88
0.88
0.88
0.88
0.88
0.88
0.88
0.88
0.88
0.88
0.88
0.88
0.87
0.87
0.87
0.88
0.89
0.89
0.89
0.89
0.89
0.89
0.89
0.89
0.89
0.89
0.89
0.89
0.9
0.91
0.91
0.91
0.91
0.91
0.91
0.91
0.91
0.91
0.91
0.91
0.91
0.92
0.91
0.91
0.91
0.91
0.92
0.92
0.92
0.92
0.92
0.92
0.92
0.92
0.92
0.92
0.92
0.92
0.92
0.92
0.92
0.92
0.92
0.92
0.92
0.92
0.93
0.94
0.94
0.94
0.94
0.94
0.94
0.94
0.94
0.94
0.95
0.95
0.95
0.95
0.95
0.95
0.95
0.95
0.95
0.95
0.95
0.95
0.95
0.95
0.95
0.94
0.95
0.96
0.96
0.96
0.97
0.97
0.97
0.97
0.97
0.97
0.97
0.97
0.97
0.97
0.97
0.97
0.97
0.97
0.96
0.96
0.97
0.97
0.97
0.97
0.97
0.97
0.97
0.97
0.97
0.97
0.97
0.97
0.97
0.97
0.97
0.97
0.97
0.97
0.97
0.97
0.97
0.97
0.97
0.96
0.96
0.96
0.96
0.96
0.96
0.96
0.97
0.97
0.97
0.96
0.95
0.95
0.95
0.95
0.95
0.95
0.95
0.95
0.95
0.95
0.95
0.95
0.95
0.95
0.95
0.95
0.95
0.95
0.94
0.94
0.94
0.94
0.94
0.94
0.94
0.94
0.94
0.93
0.93
0.93
0.93
0.93
0.93
0.93
0.93
0.93
0.93
0.93
0.93
0.93
0.93
0.93
0.93
0.93
0.93
0.94
0.94
0.94
0.94
0.94
0.94
0.94
0.94
0.94
0.94
0.94
0.94
0.94
0.94
0.94
0.94
0.94
0.94
0.94
0.95
0.95
0.95
0.95
0.95
0.95
0.95
0.95
0.95
0.95
0.95
0.95
0.95
0.95
0.95
0.95
0.95
0.95
0.95
0.95
0.95
0.95
0.95
0.95
0.95
0.96
0.96
0.96
0.96
0.95
0.95
0.95
0.95
0.95
0.95
0.96
0.97
0.97
0.97
0.97
0.97
0.97
0.97
0.97
0.97
0.97
0.97
0.97
0.97
0.97
0.97
0.97
0.96
0.96
0.97
0.97
0.97
0.97
0.97
0.97
0.97
0.97
0.97
0.98
0.98
0.98
0.98
0.98
0.98
0.98
0.98
0.98
0.98
0.98
0.98
0.98
0.98
0.98
0.98
0.98
0.98
0.98
0.98
0.98
0.98
0.98
0.98
0.98
0.98
0.98
0.98
0.98
0.98
0.98
0.98
0.98
0.98
0.98
0.98
0.98
0.98
0.98
0.98
0.98
0.98
0.98
0.98
0.98
0.98
0.98
0.98
0.98
0.98
0.98
0.98
0.98
0.98
0.97
0.97
0.97
0.97
0.97
0.97
0.97
0.97
0.97
0.97
0.97
0.97
0.98
0.98
0.98
0.98
0.98
0.98
0.98
0.98
0.98
0.98
0.98
0.97
0.97
0.96
0.96
0.96
0.96
0.96
0.96
0.96
0.96
0.96
0.96
0.97
0.97
0.97
0.97
0.97
0.97
0.97
0.97
0.97
0.97
0.97
0.97
0.97
0.97
0.97
0.97
0.97
0.97
0.97
0.97
0.97
0.97
0.97
0.97
0.97
0.97
0.97
0.97
0.97
0.97
0.97
0.97
0.97
0.97
0.97
0.96
0.96
0.96
0.96
0.96
0.95
0.95
0.95
0.95
0.95
0.95
0.95
0.95
0.95
0.95
0.95
0.95
0.95
0.95
0.95
0.95
0.95
0.95
0.95
0.95
0.95
0.95
0.46
0.45
0.45
0.46
0.46
0.47
0.47
0.48
0.49
0.48
0.48
0.48
0.48
0.48
0.49
0.48
0.48
0.48
0.48
0.48
