-340.6312736698404
-304.0743852508307
-301.68573737252376
-148.30627618890426
352.10561715529013
-302.41876970337444
-300.7881606726919
-401.0049085942634
-302.06514499987264
-301.941600825699
-300.47183708900934
-300.8967866782737
150.18278061339942
-304.47417459048086
-300.51266488439387
-301.77486407965165
-243.82235043428608
271.10163944904536
-150.33323796300053
-210.26722573984063
-202.88308360928272
-303.44086954084133
-239.15345733290616
-200.35308775349824
-305.0201793685862
-302.37028445958896
-302.04888913064207
-303.92643109392776
-301.008593040233
-302.18302101445306
-302.2837236798706
-302.9445300025393
129.3982990511617
-158.06071574219416
-173.76575695158454
-303.9300700308949
158.90848921025363
-302.8486217784206
-333.29048025795225
-263.44155635482434
-299.659654142947
-301.4524475384654
-302.03277834331965
-300.48606973288645
-300.000697780769
-399.71974212861915
-300.35893162037655
-300.40350904657504
-301.02717410215274
-302.4569499665492
-300.31375168574294
-299.50655171013193
-310.5076802050419
-300.11178252507256
-298.32521463373104
-301.5229006082572
-301.26605779513096
-302.90197470576135
-301.59960459868125
-304.9897490971336
-298.5676445133906
-303.23376209617777
-298.7173048465504
-301.678024692801
-302.80384570397734
-303.61240990682086
-301.35418252592956
-299.9063652213308
-302.8956002566475
-302.6024527825846
-303.4069506020556
-299.48624282631266
-300.2142401045127
-188.66164237274307
-302.15639079930577
-303.8110586659041
-300.3412265000149
-299.6918712316216
-296.1523519398308
306.01691457048275
-558.2392717561054
-300.9233629188065
-301.7863638026872
-299.5422965709213
214.26063556689587
-302.60419397332373
288.8368099615526
-299.8149916186685
-338.1419642007786
361.1005020050972
365.63531354727144
297.91401713295977
370.2369401961956
368.87561489129797
-303.6440337131337
-300.82860111141196
-354.7231910547394
246.69074315710952
281.8181190283051
-302.6771209802491
-302.6452870524057
-13.085292946100651
-322.5367564611005
-136.81480424374254
-105.00974361850089
374.02355781034777
-134.82205145602148
-105.53421899743228
-1609.7648216393561
321.0270682340924
364.2211983962527
373.3521077145676
370.2576938729437
136.22588591690428
366.0692435721888
368.38970647281144
373.17393171723455
-132.8390890278318
-135.47982602835123
-380.759262970584
362.52031451821523
-138.77576149632102
365.22843573036306
369.797926359887
368.8938476905147
166.34536366670864
-232.3378538616209
370.8936346655652
368.6237372305578
369.4117981643498
-209.50595421920062
-277.39381610440546
-147.1623314366239
-148.3563238463975
-395.59661512123984
286.3916481767464
369.4637179555007
362.98790123116703
342.70668075444854
-167.61659621210413
367.4539017734521
358.19991234895485
126.51770401193127
367.33232606640473
185.23511234916697
369.34413594432493
368.06663379478044
361.9566035705239
352.0831843874464
369.080653894729
370.85518231567966
362.0982602989798
-152.62579176926232
-106.03902078308298
370.2448987569724
367.5007271695054
361.6716792221411
361.2587515895414
372.2833046661125
-131.8265544023724
-105.75490467295981
369.8773749489518
368.31585675798954
368.86711672205683
369.12906842573534
-1647.36405624373
-133.487257833634
-687.1786799115054
-161.90242037318288
369.43824556849967
367.93971559768886
370.3761342216645
367.7951413473884
-1291.4018595135637
368.08820058689093
162.92790074554367
369.80514322569195
361.2030772244908
357.12417198345906
371.820317514978
371.2370649402538
368.8728320155768
371.31250678889484
370.8261181174484
370.5398704265182
124.33480858797691
366.2990726046927
-148.54680858542946
-141.02246975885947
368.881379281665
370.21527148927095
371.3160796744814
371.6723268862835
370.97852422754136
367.78845847026
-162.10955222275467
368.349401706938
371.63668095789916
371.73132928781723
369.3751896894202
369.14111265955665
368.05293519056806
371.625733598598
367.85367704063856
370.94979698211347
370.0621192038982
369.7734978907487
370.11791468970887
370.05761341373255
370.98728335549197
373.27427137020436
-236.9033300385115
366.90267788392043
372.2609185383513
371.36330898403327
373.370429963828
370.61692924484123
368.9256775103386
370.9611940113048
372.2415554592888
373.2505806722151
370.8199787966977
371.97816044072914
371.85818542866247
366.9449120012173
372.0008554388524
369.5772493328271
370.4605401980446
367.899956859654
370.51624280150946
369.8048867197986
372.08087298356895
371.3844781340613
367.8775647098847
-137.90186832233135
-142.04708121112517
367.318138976164
367.46465374401566
368.2612375179755
369.09124353667994
369.9987295138676
369.70172240930407
366.1607465880031
365.5720847568934
370.428131715629
371.3738117063114
371.15231706752763
365.2828464311081
371.09071308015854
362.71680068345887
370.38048459057217
371.308808610822
361.14578195147106
370.2891692205929
371.36713483462574
369.2608408564896
372.1384332362447
369.9702237615277
373.3426615596422
373.069237881725
369.1826234074513
370.8400023158066
368.7223784208124
-754.632380268265
-103.41337437416698
369.406082099518
367.9418904395408
370.7423945489648
370.33274618745037
370.1697688808387
369.9069838561375
374.2931526447691
372.303159681408
367.76141378926087
369.40142945706646
371.0374443133983
373.82039016907396
370.421970426142
369.1856869149651
371.56171131313585
365.4094094541734
362.99652334665285
370.5292841807259
369.89894943312953
372.1328974191547
371.7334211233662
366.2703884534984
370.23957818728
371.4511356073794
370.7715161431713
370.2793935113213
372.510079760133
370.9659394613616
367.7565645549009
370.40904050846086
370.8073199332816
369.9080700005922
368.7779075781919
369.09345931483074
370.39691434787665
364.1300341845763
370.51729926428953
367.8904706133498
169.71528347684287
368.94799250859825
371.1821984152887
367.7397576130957
369.8859678904416
371.22230800543707
370.66340278011046
369.0957153173701
370.890507738596
372.04349804847914
370.72382022745313
371.9477517030763
370.49946774331517
370.2275702896435
-255.55824432984178
367.23458433958683
370.23937407751015
374.8655348876199
369.92410707609196
-680.7647245733016
364.50216778523554
367.88521937836634
368.5013551727088
370.1163767642849
370.41027541071736
369.6840458765262
368.231873061559
369.01446275486484
370.90316642915695
372.233345052455
373.87644229488376
369.56903696664045
372.4286532252995
371.1997543489298
370.6509712858181
369.60059182847664
371.7865983716852
167.25081286787014
369.02900226625377
370.24011678366793
-168.9775696608175
-106.0359694633268
372.82976587287743
371.3181021064343
371.0331032959057
369.96579707040235
370.2814342502504
369.8849099122839
371.7634341786151
366.7712809344937
371.010606176714
369.8975853375934
370.14810300549885
369.8523885304243
372.0167871612447
370.61480026066226
368.797429173872
368.1186197620058
373.29694135114477
371.50801966244865
369.7996865015438
367.9972331313887
369.4484920579502
365.094014201917
368.775642885585
367.7404413289213
367.9468393812583
367.97353494971077
370.51457698198857
364.5311234532219
366.3578665021934
363.21102231731123
366.77139705298833
370.09435462233876
366.7700476525258
370.61093679764946
369.2563264172056
-133.2726489839205
-101.60455738035533
174.0753046055014
368.0191338662363
366.24937182430824
370.7399676897936
372.5733144428379
371.06503272047394
369.8301926501034
371.0459611494518
371.04561777261176
369.85575440166747
370.1634301253581
171.0091183439865
367.8201346387046
370.126013599758
370.29407527689136
373.0578969327975
366.4393658119634
366.8792042394788
371.86910617201227
368.88424252343077
367.90966994573876
369.2484793348751
366.3327115202768
370.215133907343
368.5515798058517
366.0509034089684
369.99346536367307
372.14025020129213
372.8462973128792
369.0686715556917
364.73388616168756
373.7393627428641
-200.10676072892687
-1663.9387603764067
367.64874449041685
365.024596223149
369.73566256566045
366.62668388518654
372.1618364494617
370.14428916281474
366.04595401732894
370.000571749908
168.51618651590445
374.10658744033157
371.1780677600081
370.9584061141857
368.689054026534
368.45089198837155
-135.44026058418055
168.23082832850707
-112.26985902028702
-885.9242320442074
-131.42888414942144
367.1895506963222
369.9854807250491
367.2501623320016
370.447686804662
370.4068199185316
371.43438125994214
368.1647481734233
370.4839487898106
369.5124679700047
371.16607007275644
373.0032521164936
372.0604993476815
370.07779020527454
368.62418309923765
371.05168025985137
370.7622397389782
368.23224983459346
370.3623491499562
369.5217885839921
364.7518076780431
371.2368910003778
369.09157434497104
370.03910629894307
367.7890385661279
371.57356758370145
372.34279000302007
373.8476848517575
366.7637283415809
368.63225060183856
371.46940463613345
372.1343919753418
368.03418709567353
372.84893854528633
366.0261675112775
369.78160530867865
369.0013224823987
369.88523843273236
367.2699889627507
370.57032543596796
370.14235389845106
367.17953967769574
369.720116697489
370.8707262397934
370.45038093728556
369.30276135706896
366.84301815070563
367.04577434637156
366.43862099158173
368.3678305298486
371.38268616205653
369.01327920140983
369.3672788521355
368.46963904903305
372.7567152168014
369.8330134129365
371.7132707596744
-818.527865150358
-103.50403312511683
369.28342998935375
363.9204062293139
370.10737541890325
371.3264490354571
371.90504636938323
370.8357920538689
368.87981985341594
368.94020303879176
368.2877185696946
370.10209274858795
369.2888168282572
-202.04267519311622
167.735820529331
361.32566826424863
369.7806089202894
370.16506560753584
372.62698294599954
371.0664929938394
370.85957816565383
372.75085685511397
364.67706572076787
369.9200273436317
370.9171269686403
367.0209183628154
170.3647421396395
365.4387608810938
365.41613836785206
371.15680783787514
371.90240325249385
171.23688759330048
373.1741082945638
368.6150508271149
370.82190500806905
366.95664156969207
371.1822294570354
368.9921277094763
369.4638644130785
370.9666002174793
371.1987551322063
366.04101435543834
367.08143716709594
370.9297695750733
369.0409059177275
373.26697054458947
364.169325586268
370.80409931151144
371.8911256421188
370.59755385876844
368.90523398766265
169.68782805404936
172.11025682081018
369.75837738152063
369.43880103579033
371.51608358229845
367.41818861144964
369.87405005184786
364.4661332498123
371.3637118546635
368.16943089161305
170.37196764113463
371.3730148165277
371.03958312893946
366.78263752056466
367.2611995422831
371.5448088568473
370.38583016536245
366.9948970076021
365.4948592551883
370.72412972410945
361.9886917121008
369.4409499704874
369.4855377559182
369.9804771371088
368.06452110948334
365.8893915437418
-160.11943822974175
-105.79944535587485
371.106404557726
371.0038422443986
171.07996156819115
371.12828788115644
370.26566719392804
370.1129608888095
368.3422455639204
369.1881305930511
368.5959284761213
370.3132546550956
369.86848368069093
371.395465384771
368.45665073523463
370.7152582954142
371.8635062069508
369.5635983399107
372.1143922341902
364.0334577460378
167.35256947475088
368.9168668887397
363.6918304612536
367.97598251847137
370.9763358410537
366.1008392476861
370.3494492221221
369.0941497589343
369.7171973027163
369.26678508996923
370.2985509925386
372.18895318175606
369.3845743485534
371.85765257615896
372.66983971538673
365.21032384350065
369.6459184685899
373.25168743117615
369.4391078229845
369.6462686082166
366.4538986064649
366.93051236531176
372.9660082013174
367.739742485548
368.8782013680463
369.23223241769745
369.499457131015
369.1628836261763
365.02448137370357
363.1667374055288
166.87729374175657
370.40972827415277
364.06333883486167
369.3471379120904
369.9033471889612
363.7574122833575
366.6388066089931
362.5376849205581
368.2697172930943
367.7463946339073
369.027480314207
368.94035213952645
368.98222401813274
367.6076514749334
369.1179160044137
369.32165692125307
370.2204879353245
369.78729474632496
368.07523927322865
369.5134950226991
369.1405395488422
368.3582350891957
366.2069559682429
369.133284004723
363.2904887848575
368.79164982562713
363.2479328041605
370.7453492224241
367.9479962001702
369.67183676255735
366.1301860445245
368.9149666442687
373.0101632055603
364.1589785037734
367.882692654111
369.35040148751966
366.10113880264635
360.2803920212652
365.4951592415713
370.18661348837566
369.3834242264306
367.74403155728
369.7811763779377
366.87002844299906
370.20076928550986
370.15905788620404
369.1115532410902
372.0148033572846
371.0809711637955
169.9433304450122
373.3968281204155
369.4702369569455
368.89707489990866
369.0420170758643
370.84874970358305
368.0585371705487
370.4556619668541
370.43562988033665
369.03459836754286
369.153939655939
367.2998178788174
366.3992333512762
367.9926801988596
360.0522660344324
367.00214305372157
370.23182867586956
359.3646735720325
369.79381850993866
168.4145832480517
372.2734941182988
368.1223728298107
367.38890796839274
371.93185733407745
365.0593251490428
369.72736146256227
367.81364424189155
367.0469787129469
364.5434396780336
364.1453373307023
365.1395741384749
363.9047724452411
364.9807403223949
362.0592337275662
366.30146823601643
359.9546408245974
367.1804906555755
361.4119686834808
369.82850904385754
365.162675311602
360.2790182890642
362.9212007428264
366.3447809687703
364.35828096326316
167.7119182164069
373.79674086575
364.62958889685626
366.0010631722327
369.8385736803513
366.3547559789532
363.9840554037129
368.3734925285785
370.66001671947424
370.22464217805685
-130.52835568965355
-133.49490355534988
365.1715660873119
365.50829263185904
364.96492234657586
370.9934565075653
367.0516991376776
369.2249859778494
370.6061498738774
367.2718420973413
368.1139082388598
365.4883811812785
367.3343172823729
365.112893227708
368.5430974499703
369.5212724930571
364.28629231449236
366.85819667056023
364.2420652269219
167.3653883604686
370.76594717066166
368.8332889110481
366.9106542899758
365.66610028651434
369.28841708945004
368.64470939004013
369.7335110296481
369.1551520549542
167.09960733535956
370.8863153407032
369.44874454708867
367.5035963998175
367.997890071954
365.8814675516901
368.64089617686653
373.07913703994046
365.24086135436266
371.2113630906071
366.6632652738309
369.530890360347
363.4225854818592
368.85267343061014
366.9696556510355
367.6703275099772
367.81985445245635
365.11015172342354
364.5365297770487
367.1649100555582
365.28041092945875
365.2008313772481
363.03375619109056
369.99129378955337
366.18862514851355
365.21981817522675
364.64432072871614
364.86455412507274
368.47108884473624
363.09414325412087
366.7561728375591
366.50890145622816
365.7610427560711
368.27260263874746
362.60456233475605
368.3338468050107
365.547421420829
367.18400720002273
367.23762062886755
366.0958103250415
364.62661611236865
373.1915616606711
367.0538982202295
363.9200352585026
362.23604113532605
369.9119648645355
367.0193060753445
367.75971546163646
369.45463623265226
370.649588515809
368.28737278327924
368.70954756982076
368.5048961610353
371.7647948880149
371.98124109987384
367.984291503671
369.0021681060167
368.17789355104117
368.6119186672909
365.8896100876311
364.9153160044342
366.9823902095883
366.17869601394744
366.84992592643044
367.0262873429445
366.73250064232184
163.83339993748575
370.98188613785453
365.65459667216237
369.6243073261854
365.3958998170574
366.57938135264226
365.8893411775906
368.0262197227156
361.87969100675315
369.5350757301123
369.0775767062891
369.66366732220206
365.8244324330315
365.65987582159903
363.2845180612274
366.66929901263575
366.0316850511766
367.37177437336754
364.3484393966507
368.82690378645674
363.6765357390921
365.69174737641777
367.50358657776565
168.14453149225182
368.9471214928969
366.3207028332779
369.08928463130275
366.2469769061365
366.88009742683465
367.6843014787944
368.93848333911615
368.1867566399294
368.8045877629322
367.04620751381503
363.49818724540535
367.1944459023962
369.6389042556873
367.9059580945534
369.8097648083884
369.3695914960828
365.1559169598307
363.51372641952315
368.124219655061
367.1597764076576
367.21660496293
368.7950647138174
367.27898007362245
364.94593301779395
365.86544277231576
365.0895242982928
370.2902999167393
367.9899328506018
369.1698879422473
365.88624633331045
367.1280305512977
369.1243430748537
366.18977350959517
365.69744980796423
367.80369322787186
367.0199176513199
367.4809424791976
365.26984130224554
367.5675923391524
365.53597675608347
367.71593966318414
368.20333903929367
366.2997003366618
369.92226704641575
365.6586323647587
370.7954957489064
365.94510464999695
369.13911353226655
369.3063840964594
367.276050532512
367.06832970974494
368.50546999930634
369.1909267126551
368.16316705656516
367.4962621924302
368.3125960334044
366.93066592697386
366.3708483746578
367.8763943346118
366.88179415977993
363.84146734047624
370.0108318833373
372.04370952641386
366.7339077989918
165.1041913862411
369.24145364022553
363.574737018446
362.7514283477185
368.66431625653183
366.0028844638975
366.88065116889993
366.56376255979825
372.01231322573597
368.41740685570966
367.3580719292723
365.40379021918903
367.0179586194866
365.9204184530501
365.3132080581887
369.5005427449741
367.1380534755839
366.0791089802214
370.8920236498494
369.21788437061116
362.5642075495445
366.27668513009513
366.8652961741469
168.20828215508908
368.8968163127537
168.42500336799208
366.88700583637524
367.04468490186144
364.2470798877191
366.80796463089075
371.3331814259576
370.06793889292595
366.4360777256571
365.48923998713764
366.970297733914
367.5238253686187
370.8918939995383
363.9789763709829
369.94687859562737
370.0283409093997
367.4866982403555
367.29091437892384
368.16770568510157
369.12751622509495
367.06315847301715
365.30068237130126
368.4280339683653
367.5912859470016
367.3531723973489
368.26662852060787
367.9515729279303
371.41465017111415
369.4006557013969
367.75399098633807
369.00728586854547
365.5482923950106
368.5342580381072
367.71847331334993
365.3681888484064
369.07440976464204
368.8167030016512
365.67331345297885
363.38463030994154
368.3062701750386
368.71270715031216
366.7703762757874
370.4391797484105
366.82706450283183
367.6637868217178
363.86780141611797
168.65253352827864
367.7060468879195
369.00162607095194
369.9690057477277
366.87897525999006
166.77327776964174
365.08506178387574
368.1609344232072
370.14489895282503
369.1374447276497
364.0779786184741
368.99863958374743
365.9586230380485
368.93595149880656
364.31354845241816
368.8921963918655
364.10665599716697
372.2229873312142
368.18186965163426
366.87730681443134
365.5212574493364
370.5601651201938
370.3729328831313
367.9879604100602
370.45489217739083
368.9897806103653
365.36498153850494
